0 1
2 1 21 46 63 88 93 94
3 1 4 6 12 17 19 21 22 25 32 33 35 39 46 47 48 49 50 51 54 63 69 79 95
4 1 3 5 6 9 19 22 31 34 35 39 43 47 49 51 52 53 54 79 90 91
5 1 2 3 4 8 9 10 14 19 21 22 28 29 30 31 33 37 38 39 47 48 52 54 57 77 79 80 82 88 96 97
6 3 4 7 8 9 11 14 18 19 20 21 22 27 28 30 31 33 34 35 37 38 39 40 43 47 48 50 52 53 55 57 77 81 88 94 99
8 9
10 9
11 3 6 9 12 19 22 33 50 78
12 3 11 13 14 16 47
14 10 12 13 18 21 27 31 33 35 38 43 46 47 48 50 51 52 54 57 88 98
15 13
17 16 48 93
19 3 4 20 32 33 45 48 50 62 95
21 3 33
22 3 4 5 6 17 21 33 93 98
23 21
24 6 19 21 62 66 80 86
25 3 12 21 35 39 47 62 63 66 80
26 21
28 27
29 30
31 30 38 46
32 3 21 30 37 42 46 47 48 54 56 88
33 3 11 34 63 79
34 56 88
35 3 4 11 32 33 34 79
36 19 34
37 34 38 54 88
39 3 4 19 32 33 40 42 46 47 50 51 84 88 98
41 40
42 43
44 43
45 19 43 48 73 77
46 2 3 10 14 19 28 31 32 33 34 39 47 48 49 50 51 52 54 56 88 89 94 95 98
47 3 14 32 33 39 46 48 50 90 98
48 2 19 33 47 50 54 56 63 75 88 89 95
49 4 47 54
50 2 3 6 14 19 33 37 39 47 51 54 63 88 90 95
51 2 4 14 33 39 47 50 52 98
52 53 75
54 2 3 4 14 31 33 37 46 48 49 50 55 97
56 53 55 90
57 58 62 64 67 68 69
58 57
59 57
60 57
61 57
62 19 24 25 57 60 61 63
63 3 24 33 57 61 66 68 69 80 81
64 57 65
65 34 57 64
66 2 3 4 17 24 25 33 39 50 57 63 68 79 81 97
67 3 57
68 57 66
69 3 19 33 52 57 63
70 57
71 57
72 57
73 3 19 33 45 57 64 69 80 83
74 57
76 75 78 80
77 6 75 80
78 11 75 76 77 80 82
79 3 4 11 17 33 48 75 95
80 6 24 25 48 73 75 76 77 78 82 83
81 6 33 56 63 69 75 82
82 33 75 76 78 80
83 25 48 63 73 75 81
84 14 32 39 56 85 88
86 2 22 24 31 54 85 88 95
87 85
88 2 28 33 37 46 48 52 56 63 89 95 97
89 33
90 3 4 19 32 47 50 51 56 88 89
91 4 89
92 89
93 2 22 48 77 89
94 32 47 52 95 97
95 19 79
96 95
97 17 95
98 2 3 14 32 39 40 46 47 88 95
99 95
